1 1 (2) 2 : 0 1 0
2 2 (7) 3 : 0.833 0.167 0
3 3 (0) 3 : 1 0 0
4 4 (0) 1 : 0.864 0.136 0
5 5 (10) 4 : 0 1 0
6 6 (2) 3 : 0.834 0.166 0
7 7 (21) 1 : 1 0 0
8 8 (1) 3 : 1 0 0
9 9 (0) 1 : 0.208 0.792 0
10 10 (2) 3 : 1 0 0
11 11 (14) 1 : 1 0 0
12 12 (14) 1 : 1 0 0
13 13 (1) 3 : 1 0 0
14 14 (2) 1 : 1 0 0
15 15 (8) 1 : 1 0 0
16 16 (13) 3 : 1 0 0
17 17 (2) 3 : 0.998 0.002 0
18 18 (25) 3 : 1 0 0
19 19 (21) 1 : 0.984 0.016 0
20 20 (8) 2 : 0 1 0
21 21 (9) 2 : 0 1 0
22 22 (3) 2 : 0.007 0.993 0
23 23 (1) 2 : 0 1 0
24 24 (1) 2 : 0 1 0
25 25 (1) 2 : 0 1 0
26 26 (6) 2 : 0.045 0.955 0
27 27 (1) 2 : 0 1 0
28 28 (5) 2 : 0 1 0
29 29 (20) 2 : 0 1 0
30 30 (0) 2 : 0 1 0
31 31 (1) 2 : 0 1 0
32 32 (15) 2 : 0.001 0.999 0
33 33 (43) 2 : 0 1 0
34 34 (0) 2 : 0 1 0
35 35 (20) 2 : 0.015 0.985 0
36 36 (17) 3 : 0.128 0.872 0
37 37 (12) 2 : 0 1 0
38 38 (16) 2 : 0.005 0.995 0
39 39 (0) 2 : 0 1 0
40 40 (28) 2 : 0.001 0.999 0
41 41 (7) 2 : 0 1 0
42 42 (23) 2 : 0.047 0.953 0
43 43 (4) 2 : 0.022 0.978 0
44 44 (1) 2 : 0.001 0.999 0
45 45 (6) 2 : 0 1 0
46 46 (1) 2 : 0 1 0
47 47 (2) 2 : 0 1 0
48 48 (15) 2 : 0 1 0
49 49 (2) 2 : 0 1 0
50 50 (10) 2 : 0.016 0.984 0
51 51 (0) 2 : 0 1 0
52 52 (12) 2 : 0 1 0
53 53 (1) 2 : 0 1 0
54 54 (1) 2 : 0 1 0
55 55 (7) 2 : 0 1 0
56 56 (0) 2 : 0 1 0
57 57 (17) 2 : 0.006 0.994 0
58 58 (1) 3 : 0.002 0.998 0
59 59 (16) 2 : 0 1 0
60 60 (2) 2 : 0.998 0.002 0
61 61 (2) 2 : 0 1 0
62 62 (17) 3 : 0.552 0.448 0
63 63 (0) 2 : 0.006 0.994 0
64 64 (2) 2 : 0 1 0
65 65 (0) 2 : 0 1 0
66 66 (7) 2 : 0 1 0
67 67 (13) 2 : 0.008 0.992 0
68 68 (3) 2 : 0 1 0
69 69 (2) 2 : 0.001 0.999 0
70 70 (2) 2 : 0 1 0
71 71 (7) 2 : 0.011 0.989 0
72 72 (3) 4 : 0.095 0.905 0
73 73 (3) 2 : 0 1 0
74 74 (0) 2 : 0.001 0.999 0
75 75 (5) 2 : 0.001 0.999 0
76 76 (1) 2 : 0.088 0.912 0
77 77 (1) 2 : 0 1 0
78 78 (1) 2 : 0.154 0.846 0
79 79 (1) 2 : 0.017 0.983 0
80 80 (1) 4 : 1 0 0
81 81 (1) 2 : 0.008 0.992 0
82 82 (1) 2 : 0.003 0.997 0
83 83 (15) 2 : 0 1 0
84 84 (1) 2 : 0.002 0.998 0
85 85 (1) 2 : 0.935 0.065 0
86 86 (7) 2 : 0.957 0.043 0
87 87 (33) 2 : 0.029 0.971 0
88 88 (21) 4 : 0.888 0.112 0
89 89 (33) 2 : 0.017 0.983 0
90 90 (10) 2 : 0.993 0.007 0
91 91 (2) 2 : 0.336 0.664 0
92 92 (5) 2 : 0 1 0
93 93 (0) 2 : 0.006 0.994 0
94 94 (1) 3 : 0 1 0
95 95 (12) 2 : 0.001 0.999 0
96 96 (14) 2 : 0 1 0
97 97 (36) 2 : 0 1 0
98 98 (0) 2 : 0 1 0
99 99 (3) 2 : 0 1 0
100 100 (25) 2 : 0 1 0
101 101 (13) 2 : 0 1 0
102 102 (14) 2 : 0.01 0.99 0
103 103 (0) 3 : 1 0 0
104 104 (5) 1 : 1 0 0
105 105 (2) 1 : 0.971 0.029 0
106 106 (6) 1 : 1 0 0
107 107 (5) 1 : 0 0 1
108 108 (13) 1 : 0.992 0.008 0
109 109 (1) 3 : 0.999 0.001 0
110 110 (0) 1 : 1 0 0
111 111 (1) 1 : 1 0 0
112 112 (1) 3 : 1 0 0
113 113 (1) 3 : 1 0 0
114 114 (1) 3 : 1 0 0
115 115 (26) 1 : 0.927 0.073 0
116 116 (0) 3 : 1 0 0
117 117 (5) 3 : 1 0 0
118 118 (2) 3 : 1 0 0
119 119 (0) 2 : 0 1 0
120 120 (1) 2 : 0.005 0.995 0
121 121 (1) 2 : 0 1 0
122 122 (1) 2 : 0.003 0.997 0
123 123 (0) 2 : 0.007 0.993 0
124 124 (1) 2 : 0.17 0.83 0
125 125 (1) 2 : 0.99 0.01 0
126 126 (1) 2 : 0 1 0
127 127 (0) 2 : 0 1 0
128 128 (0) 2 : 0 1 0
129 129 (1) 3 : 0 1 0
130 130 (0) 2 : 0 1 0
131 131 (0) 2 : 0 1 0
132 132 (5) 2 : 0 1 0
133 133 (2) 2 : 0 1 0
134 134 (5) 2 : 0 1 0
135 135 (23) 1 : 0.876 0.124 0
136 136 (0) 3 : 1 0 0
137 137 (15) 2 : 0 1 0
138 138 (1) 2 : 0.001 0.999 0
139 139 (1) 1 : 1 0 0
140 140 (6) 1 : 0 0 1
141 141 (0) 1 : 0 0 1
142 142 (4) 3 : 0.914 0.086 0
143 143 (3) 1 : 0.998 0.002 0
144 144 (0) 1 : 1 0 0
145 145 (0) 3 : 1 0 0
146 146 (23) 3 : 0.356 0.644 0
147 147 (34) 2 : 0 1 0
148 148 (27) 2 : 0.004 0.996 0
149 149 (29) 3 : 1 0 0
150 150 (8) 3 : 0.036 0.964 0
151 151 (1) 2 : 0 1 0
152 152 (1) 1 : 0.946 0.054 0
153 153 (4) 1 : 0.991 0 0.009
154 154 (0) 3 : 1 0 0
155 155 (1) 3 : 0.005 0.995 0
156 156 (1) 1 : 1 0 0
157 157 (12) 3 : 0.609 0.391 0
158 158 (3) 1 : 0 0 1
159 159 (2) 3 : 0.995 0.005 0
160 160 (0) 4 : 0.071 0.929 0
161 161 (1) 2 : 0.062 0.938 0
162 162 (22) 2 : 0 1 0
163 163 (13) 2 : 0.357 0.643 0
164 164 (5) 2 : 0 1 0
165 165 (0) 2 : 0.135 0.865 0
166 166 (1) 2 : 0 1 0
167 167 (5) 2 : 0 1 0
168 168 (1) 3 : 1 0 0
169 169 (6) 3 : 1 0 0
170 170 (3) 2 : 0 1 0
171 171 (2) 2 : 1 0 0
172 172 (1) 3 : 0.001 0.999 0
173 173 (2) 3 : 0 1 0
174 174 (12) 2 : 0 1 0
175 175 (11) 3 : 0.001 0.999 0
176 176 (0) 2 : 0 1 0
177 177 (8) 2 : 0 1 0
178 178 (0) 2 : 0 1 0
179 179 (9) 2 : 0 1 0
180 180 (1) 2 : 0 1 0
181 181 (2) 3 : 0.999 0.001 0
182 182 (0) 2 : 0.131 0.869 0
183 183 (0) 2 : 0 1 0
184 184 (1) 2 : 0.997 0.003 0
185 185 (0) 2 : 0.714 0.286 0
186 186 (3) 2 : 0 1 0
187 187 (1) 2 : 0 1 0
188 188 (1) 1 : 1 0 0
189 189 (2) 1 : 1 0 0
190 190 (17) 1 : 1 0 0
191 191 (1) 1 : 1 0 0
192 192 (0) 1 : 1 0 0
193 193 (2) 1 : 0.998 0.002 0
194 194 (6) 1 : 0.987 0 0.013
195 195 (9) 1 : 1 0 0
196 196 (3) 1 : 0 0 1
197 197 (1) 1 : 0 0 1
198 198 (1) 1 : 0.999 0.001 0
199 199 (1) 4 : 0.898 0.102 0
200 200 (35) 4 : 0.052 0.948 0
201 201 (7) 4 : 0.143 0.857 0
202 202 (17) 4 : 0.988 0.012 0
203 203 (4) 4 : 0 1 0
204 204 (4) 4 : 0.202 0.798 0
205 205 (10) 4 : 0.842 0.158 0
206 206 (6) 4 : 0.298 0.702 0
207 207 (21) 4 : 0.138 0.862 0
208 208 (26) 4 : 1 0 0
209 209 (16) 4 : 0.045 0.955 0
210 210 (8) 4 : 0.733 0.267 0
211 211 (6) 4 : 0.002 0.998 0
212 212 (21) 4 : 0.995 0.005 0
213 213 (7) 4 : 0.004 0.996 0
214 214 (3) 4 : 0.892 0.108 0
215 215 (4) 4 : 0.007 0.993 0
216 216 (5) 4 : 1 0 0
217 217 (3) 4 : 0.998 0.002 0
218 218 (9) 4 : 0.942 0.058 0
219 219 (5) 4 : 0.164 0.836 0
220 220 (2) 4 : 0 1 0
221 221 (26) 3 : 0.925 0.075 0
222 222 (5) 3 : 1 0 0
223 223 (8) 3 : 0.988 0.012 0
224 224 (1) 3 : 0.135 0.865 0
225 225 (4) 3 : 0.999 0.001 0
226 226 (0) 3 : 1 0 0
227 227 (0) 3 : 1 0 0
228 228 (1) 3 : 0 1 0
229 229 (0) 3 : 1 0 0
230 230 (5) 3 : 0.509 0.009 0.482
231 231 (10) 3 : 1 0 0
232 232 (1) 3 : 1 0 0
233 233 (1) 3 : 1 0 0
234 234 (1) 3 : 0.999 0.001 0
235 235 (8) 3 : 1 0 0
236 236 (8) 1 : 1 0 0
237 237 (0) 1 : 1 0 0
238 238 (0) 1 : 1 0 0
239 239 (2) 1 : 0.999 0.001 0
240 240 (1) 1 : 0.912 0 0.088
241 241 (3) 1 : 1 0 0
242 242 (8) 1 : 0.966 0 0.034
243 243 (1) 1 : 1 0 0
244 244 (2) 1 : 0 0 1
245 245 (12) 1 : 1 0 0
246 246 (9) 1 : 0.997 0.003 0
247 247 (1) 1 : 1 0 0
248 248 (2) 1 : 0.994 0.006 0
249 249 (1) 1 : 0.999 0.001 0
250 250 (3) 3 : 0 1 0
251 251 (1) 3 : 1 0 0
252 252 (1) 3 : 0.376 0.624 0
253 253 (1) 1 : 0.995 0.005 0
254 254 (3) 3 : 1 0 0
255 255 (2) 1 : 0.978 0.022 0
256 256 (2) 1 : 0.995 0.005 0
257 257 (3) 3 : 1 0 0
258 258 (7) 5 : 0.984 0.016 0
259 259 (8) 1 : 0 0 1
260 260 (3) 3 : 1 0 0
261 261 (0) 1 : 0 0 1
262 262 (1) 1 : 0.411 0.589 0
263 263 (0) 1 : 0.945 0 0.055
264 264 (1) 3 : 0.959 0.041 0
265 265 (2) 3 : 0.966 0.034 0
266 266 (18) 1 : 0.949 0.016 0.035
267 267 (0) 1 : 0.588 0.412 0
268 268 (1) 3 : 0.797 0.203 0
269 269 (0) 2 : 0 1 0
270 270 (6) 1 : 0.999 0.001 0
271 271 (3) 1 : 0.182 0.818 0
272 272 (1) 1 : 1 0 0
273 273 (13) 1 : 0.999 0.001 0
274 274 (3) 1 : 0.026 0 0.974
275 275 (0) 1 : 0.97 0.03 0
276 276 (0) 2 : 0.003 0.997 0
277 277 (10) 1 : 0.443 0.557 0
278 278 (0) 2 : 0 1 0
279 279 (1) 3 : 0.001 0.999 0
280 280 (1) 3 : 1 0 0
281 281 (22) 3 : 1 0 0
282 282 (0) 2 : 0.003 0.997 0
283 283 (1) 3 : 1 0 0
284 284 (0) 3 : 1 0 0
285 285 (8) 3 : 1 0 0
286 286 (0) 3 : 1 0 0
287 287 (1) 3 : 1 0 0
288 288 (1) 3 : 0 1 0
289 289 (0) 3 : 1 0 0
290 290 (0) 3 : 1 0 0
291 291 (13) 3 : 1 0 0
292 292 (5) 3 : 0.932 0.068 0
293 293 (17) 1 : 1 0 0
294 294 (14) 3 : 1 0 0
295 295 (16) 3 : 1 0 0
296 296 (1) 3 : 0.004 0.996 0
297 297 (30) 3 : 0.988 0.012 0
298 298 (1) 3 : 1 0 0
299 299 (2) 3 : 1 0 0
300 300 (0) 3 : 1 0 0
301 301 (0) 5 : 1 0 0
302 302 (0) 5 : 0.992 0.008 0
303 303 (1) 5 : 0.988 0.012 0
304 304 (3) 5 : 0.999 0.001 0
305 305 (9) 5 : 0.978 0.022 0
306 306 (1) 5 : 1 0 0
307 307 (2) 5 : 1 0 0
308 308 (3) 5 : 0.961 0.039 0
309 309 (0) 3 : 0.991 0.009 0
310 310 (23) 3 : 1 0 0
311 311 (0) 3 : 1 0 0
312 312 (20) 3 : 1 0 0
313 313 (1) 3 : 1 0 0
314 314 (3) 3 : 0.999 0.001 0
315 315 (3) 1 : 0.118 0 0.882
316 316 (1) 3 : 1 0 0
317 317 (17) 1 : 1 0 0
318 318 (2) 3 : 0.959 0.041 0
319 319 (18) 3 : 0.96 0.04 0
320 320 (10) 3 : 1 0 0
321 321 (3) 1 : 0.61 0 0.39
322 322 (0) 3 : 1 0 0
323 323 (0) 3 : 1 0 0
324 324 (0) 3 : 1 0 0
325 325 (2) 1 : 1 0 0
326 326 (2) 3 : 1 0 0
327 327 (1) 3 : 1 0 0
328 328 (0) 3 : 1 0 0
329 329 (1) 3 : 1 0 0
330 330 (1) 3 : 1 0 0
331 331 (0) 1 : 0 0 1
332 332 (2) 1 : 0.962 0 0.038
333 333 (15) 1 : 1 0 0
334 334 (15) 3 : 1 0 0
335 335 (2) 1 : 1 0 0
336 336 (1) 1 : 1 0 0
337 337 (0) 3 : 0.903 0.097 0
338 338 (1) 3 : 0.996 0.004 0
339 339 (1) 2 : 1 0 0
340 340 (0) 3 : 0.997 0.003 0
341 341 (28) 3 : 0.999 0.001 0
342 342 (0) 3 : 1 0 0
343 343 (2) 1 : 1 0 0
344 344 (22) 3 : 1 0 0
345 345 (27) 3 : 0.992 0 0.008
346 346 (1) 3 : 1 0 0
347 347 (1) 2 : 0.001 0.999 0
348 348 (0) 2 : 0.561 0.439 0
349 349 (1) 3 : 0.997 0.003 0
350 350 (0) 2 : 0.003 0.997 0
351 351 (2) 3 : 0.012 0.988 0
352 352 (0) 3 : 1 0 0
353 353 (3) 1 : 0.126 0.874 0
354 354 (2) 1 : 0 0 1
355 355 (20) 3 : 0.995 0.005 0
356 356 (1) 3 : 0.137 0.863 0
357 357 (1) 3 : 1 0 0
